%YAML:1.0
---
R: !!opencv-matrix
   rows: 3
   cols: 3
   dt: d
   data: [ 9.9952003674599077e-01, 1.9965138060358469e-02,
       -2.3687325841557520e-02, -1.9708278277080320e-02,
       9.9974494952983162e-01, 1.1028130256197135e-02,
       2.3901462521077173e-02, -1.0556000749588476e-02,
       9.9965858718740985e-01 ]
T: !!opencv-matrix
   rows: 3
   cols: 1
   dt: d
   data: [ -8.2296405202726376e+01, 1.4200596345648446e+00,
       5.1152029560438192e+00 ]
R1: !!opencv-matrix
   rows: 3
   cols: 3
   dt: d
   data: [ 9.9630378814478737e-01, 3.3632388649859801e-03,
       -8.5833853185580025e-02, -2.9127712131058235e-03,
       9.9998132403400641e-01, 5.3728341734561053e-03,
       8.5850320280164136e-02, -5.1029606634191964e-03,
       9.9629497755446961e-01 ]
R2: !!opencv-matrix
   rows: 3
   cols: 3
   dt: d
   data: [ 9.9792592091356025e-01, -1.7219638149253570e-02,
       -6.2026933108381824e-02, 1.6926123928400698e-02,
       9.9984293634788712e-01, -5.2544232790291308e-03,
       6.2107670199286355e-02, 4.1936496329036824e-03,
       9.9806064475320000e-01 ]
P1: !!opencv-matrix
   rows: 3
   cols: 4
   dt: d
   data: [ 3.1674401981412677e+02, 0., 2.1054327964782715e+02, 0., 0.,
       3.1674401981412677e+02, 1.1872173547744751e+02, 0., 0., 0., 1.,
       0. ]
P2: !!opencv-matrix
   rows: 3
   cols: 4
   dt: d
   data: [ 3.1674401981412677e+02, 0., 2.1054327964782715e+02,
       -2.6121071368003555e+04, 0., 3.1674401981412677e+02,
       1.1872173547744751e+02, 0., 0., 0., 1., 0. ]
Q: !!opencv-matrix
   rows: 4
   cols: 4
   dt: d
   data: [ 1., 0., 0., -2.1054327964782715e+02, 0., 1., 0.,
       -1.1872173547744751e+02, 0., 0., 0., 3.1674401981412677e+02, 0.,
       0., 1.2125996493471380e-02, 0. ]
