%YAML:1.0
---
M1: !!opencv-matrix
   rows: 3
   cols: 3
   dt: d
   data: [ 4.2389718364868867e+02, 0., 1.6538299442824302e+02, 0.,
       4.2094043315669205e+02, 1.1903909008536542e+02, 0., 0., 1. ]
D1: !!opencv-matrix
   rows: 1
   cols: 14
   dt: d
   data: [ -4.3658266205357599e-01, 1.1991721172681709e+00, 0., 0., 0.,
       0., 0., 5.4996351766489697e+00, 0., 0., 0., 0., 0., 0. ]
M2: !!opencv-matrix
   rows: 3
   cols: 3
   dt: d
   data: [ 4.2389718364868867e+02, 0., 1.5072839596924024e+02, 0.,
       4.2094043315669205e+02, 1.2142544108449542e+02, 0., 0., 1. ]
D2: !!opencv-matrix
   rows: 1
   cols: 14
   dt: d
   data: [ -3.7206745013630654e-01, -3.3691283060261288e+00, 0., 0., 0.,
       0., 0., -3.8413744054214142e+01, 0., 0., 0., 0., 0., 0. ]
